5
31
58
238
132
146
150
170
172
172
175
101
100
186
386
187
194
98
203
99
97
198
432
430
191
96
93
190
216
195
205
95
94
203
194
191
92
201
209
518
282
274
837
392
214
498
626
1585
984
720
388
385
3072
1188
407
1620
2150
306
2045
1077
462
1888
1344
1900
1900
2370
936
1476
211
147
332
496
9828
3486
283
578
508
603
2364
604
105
349
958
199
6520
383
452
111
987
948
1744
4403
9846
2380
10584
1580
253
2365
2345
6396
1053
3498
1394
2421
13488
4236
518
3190
27434
836
951
1770
4940
629
623
1432
526
6928
1512
894
520
7560
1944
1136
129
191
2076
100
10778
220
122897
3170
165
3072
1119
1836
1089
3366
240
975
1788
