57
173
172
167
169
168
171
170
165
166
190
94
290
764
75
692
168
194
231
720
730
132
150
38
342
12610
0
10188
355
2317
2088
1071
78
2556
4375
3864
8028
349
172
1215
41
121
378
78
174
314
93
9999
646
11799
329
102
307
390
209
349
295
112
189
369
361
164
330
202
75
74
389
94
305
1306
6516
302
904
102
2572
306
86
267
1576
456
360
174
315
73
64
1494
286
36
378
6048
101
4434
1564
5084
84
272
17732
433
532
1392
24
67666
26
373
1825
4044
379
47
46
3871
1486
9540
1640
15615
17820
1660
1064
704
5970
819
1113
4518
10090
6336
